Pid	Burst	Arrval	Pri
1	1	1179	72	
2	38	2659	49	
3	78	543	2	
4	91	5026	42	
5	16	6118	59	
6	1	2296	87	
7	66	1591	60	
8	-8	3023	16	
9	41	-1	33	
10	20	5567	39	
11	81	2071	54	
12	5	7417	88	
13	33	3371	32	
14	93	825	24	
15	94	715	62	
16	55	5140	17	
17	78	3167	86	
18	88	9601	21	
19	25	3939	57	
20	52	9704	12	
21	89	691	51	
22	9	7507	15	
23	99	1293	10	
24	71	3453	86	
25	24	7206	50	
26	43	2347	72	
27	13	8841	53	
28	88	1732	31	
29	98	3996	31	
30	4	7850	75	
31	45	9484	3	
32	62	5740	84	
33	46	7043	64	
34	46	6465	55	
35	7	1955	21	
36	18	4129	32	
37	84	3785	8	
38	65	548	9	
39	85	2881	73	
40	36	5728	1	
41	90	7247	27	
42	41	5798	73	
43	38	4072	36	
44	75	7327	10	
45	8	8192	77	
46	55	1516	6	
47	34	4879	70	
48	69	6718	26	
49	11	9895	80	
50	77	4628	87	
51	49	8887	26	
52	30	1106	30	
53	57	3258	56	
54	70	2974	42	
55	45	2893	10	
56	92	158	29	
57	19	6406	12	
58	71	441	47	
59	14	4533	71	
60	85	122	40	
61	13	3891	82	
62	17	7781	14	
63	88	1860	57	
64	89	5487	53	
65	88	2842	64	
66	16	7471	68	
67	79	3847	18	
68	93	7493	10	
69	93	8672	53	
70	3	8331	6	
71	48	4858	7	
72	90	987	57	
73	29	5292	69	
74	74	5726	52	
75	85	7593	61	
76	9	9608	10	
77	54	2623	5	
78	99	7866	9	
79	69	3663	47	
80	3	1056	2	
81	74	8318	27	
82	39	2928	40	
83	42	3837	1	
84	70	2807	2	
85	76	1801	84	
86	44	9630	43	
87	89	5787	32	
88	21	2350	35	
89	22	8750	13	
90	45	4005	63	
91	29	1015	52	
92	47	1394	55	
93	79	827	73	
94	4	7527	65	
95	69	7209	84	
96	90	4655	59	
97	77	4445	49	
98	19	8995	12	
99	9	5600	26	
100	63	1063	4	
101	98	2475	62	
102	81	2628	84	
103	39	2913	32	
104	34	1912	85	
105	77	5957	4	
106	3	9860	80	
107	33	5061	10	
108	3	4856	67	
109	35	7450	66	
110	18	7137	11	
111	91	5560	18	
112	68	5644	61	
113	82	3710	19	
114	58	7982	55	
115	2	5037	62	
116	83	4871	78	
117	36	3023	38	
118	96	7786	85	
119	89	1223	33	
120	52	808	14	
121	43	3055	14	
122	9	6802	82	
123	69	3779	85	
124	65	3831	0	
125	83	8536	3	
126	85	7388	77	
127	3	2758	63	
128	12	589	63	
129	44	9415	5	
130	73	2519	14	
131	67	5694	72	
132	33	9197	41	
133	96	5448	62	
134	67	259	73	
135	70	33	0	
136	33	3503	62	
137	67	7186	74	
138	71	6726	53	
139	86	9558	41	
140	29	1215	31	
141	85	5812	41	
142	68	5624	43	
143	79	3615	73	
144	3	9798	17	
145	55	6489	4	
146	31	8665	42	
147	23	1333	84	
148	74	7540	31	
149	71	8982	9	
150	91	7293	77	
151	73	403	1	
152	91	3726	2	
153	95	4124	46	
154	100	9998	72	
155	17	9710	64	
156	94	8474	84	
157	39	711	73	
158	41	5002	25	
159	28	511	77	
160	49	8390	1	
161	94	3986	12	
162	89	8881	28	
163	64	493	53	
164	49	1290	27	
165	39	7421	50	
166	38	838	61	
167	72	8620	57	
168	64	938	70	
169	53	5324	59	
170	41	6985	55	
171	90	576	77	
172	83	5123	44	
173	62	8366	61	
174	50	8105	65	
175	94	1370	38	
176	12	4008	87	
177	29	6099	58	
178	68	4897	88	
179	20	753	88	
180	64	8715	45	
181	25	1589	48	
182	14	1607	79	
183	74	8634	60	
184	4	6509	26	
185	49	1684	60	
186	59	65	42	
187	96	5381	19	
188	65	9473	5	
189	14	8948	14	
190	56	2373	72	
191	34	3811	5	
192	37	4803	78	
193	30	9667	15	
194	91	8609	23	
195	92	1866	73	
196	27	9285	51	
197	92	4025	42	
198	16	56	52	
199	46	9969	3	
200	10	2358	82	
201	69	4628	37	
202	77	7590	19	
203	38	6552	45	
204	88	3381	86	
205	3	26	30	
206	87	5097	85	
207	96	8805	56	
208	13	4660	34	
209	53	6802	75	
210	25	7263	21	
211	99	9345	86	
212	18	6847	27	
213	75	1337	48	
214	21	9219	85	
215	19	7221	70	
216	4	1296	55	
217	15	174	36	
218	64	1477	37	
219	96	3677	41	
220	17	6250	41	
221	43	1927	32	
222	22	5853	40	
223	18	9863	34	
224	6	2912	68	
225	32	5001	29	
226	79	896	41	
227	76	4330	37	
228	12	2149	42	
229	26	1226	20	
230	60	8564	22	
231	23	9413	67	
232	45	1840	4	
233	22	7669	80	
234	30	5329	63	
235	23	6500	82	
236	57	9034	28	
237	38	1204	58	
238	97	3023	65	
239	21	4296	11	
240	88	8741	12	
241	90	5938	36	
242	80	5887	6	
243	37	6380	7	
244	21	54	71	
245	70	9786	48	
246	72	9674	68	
247	59	6403	89	
248	45	3108	77	
249	65	9836	79	
250	65	2715	88	
251	13	2538	48	
252	71	6658	21	
253	12	2605	29	
254	77	7124	18	
255	33	5580	62	
256	77	1082	31	
257	20	6091	46	
258	17	4867	4	
259	34	9360	26	
260	40	1589	54	
261	55	5813	51	
262	88	292	76	
263	93	6548	50	
264	44	2254	85	
265	38	580	26	
266	45	3003	67	
267	74	7663	17	
268	18	1558	47	
269	10	1204	63	
270	89	1606	35	
271	85	975	67	
272	10	1515	30	
273	2	7117	36	
274	49	2764	5	
275	1	7832	5	
276	78	3472	80	
277	63	9937	6	
278	44	7152	52	
279	57	4251	18	
280	24	592	31	
281	70	2423	47	
282	75	1173	83	
283	15	5187	27	
284	11	8577	24	
285	100	3736	74	
286	77	5865	65	
287	100	7705	28	
288	90	900	23	
289	13	6046	14	
290	76	5828	73	
291	98	4031	18	
292	67	6198	74	
293	23	5435	86	
294	61	3188	14	
295	80	9194	14	
296	99	4594	63	
297	2	7707	50	
298	9	6298	65	
299	79	1995	65	
300	96	4766	61	
301	14	803	24	
302	15	6134	81	
303	83	8431	14	
304	82	680	0	
305	45	5473	64	
306	16	6072	29	
307	87	4726	51	
308	27	8770	62	
309	18	7512	41	
310	20	4625	6	
311	94	5182	70	
312	10	4388	10	
313	55	6846	36	
314	74	8150	18	
315	66	9817	61	
316	57	6411	59	
317	9	9010	18	
318	54	824	35	
319	93	5128	14	
320	32	3807	9	
321	99	7234	75	
322	82	5407	14	
323	21	920	50	
324	22	8570	42	
325	85	5816	9	
326	78	5066	32	
327	80	5107	25	
328	34	3305	0	
329	69	9340	63	
330	99	1265	81	
331	83	1630	83	
332	14	1941	52	
333	74	1453	58	
334	64	8497	14	
335	3	1580	3	
336	58	4183	57	
337	45	7091	28	
338	70	4582	63	
339	42	2477	87	
340	4	816	52	
341	23	5497	34	
342	41	3082	88	
343	30	5921	66	
344	12	7551	19	
345	71	3304	75	
346	1	6445	79	
347	82	1895	5	
348	52	8100	39	
349	4	4392	75	
350	70	5379	33	
351	65	4408	14	
352	85	8144	78	
353	65	9595	6	
354	81	4950	36	
355	61	9954	88	
356	86	751	61	
357	94	6286	83	
358	78	5005	79	
359	59	7465	8	
360	33	8845	2	
361	58	9063	27	
362	40	7296	15	
363	50	9969	78	
364	43	788	29	
365	26	7471	49	
366	62	6853	88	
367	7	7381	62	
368	35	4303	18	
369	66	5722	87	
370	80	2726	75	
371	6	5768	59	
372	25	1156	78	
373	90	5543	36	
374	45	4097	15	
375	97	122	80	
376	11	5146	81	
377	59	3004	53	
378	69	7451	60	
379	29	5879	24	
380	27	35	27	
381	47	4592	80	
382	28	910	45	
383	15	9351	42	
384	91	508	22	
385	2	2012	17	
386	37	823	33	
387	50	2416	57	
388	98	7633	17	
389	23	5795	55	
390	70	9146	63	
391	68	5235	19	
392	76	4008	16	
393	22	7864	69	
394	12	6503	17	
395	87	2892	85	
396	87	6653	57	
397	62	1201	32	
398	48	3795	52	
399	28	8856	42	
400	25	3958	72	
401	88	6539	23	
402	97	5397	40	
403	75	9968	39	
404	10	3717	79	
405	17	7807	47	
406	80	2823	16	
407	70	4216	54	
408	22	7627	15	
409	31	7507	36	
410	68	1235	10	
411	99	6015	53	
412	61	8733	65	
413	28	3282	83	
414	48	9546	7	
415	67	3597	54	
416	38	4851	36	
417	13	1946	55	
418	37	7285	39	
419	3	8320	5	
420	65	5891	41	
421	40	1296	77	
422	24	8282	32	
423	39	8029	66	
424	87	7866	50	
425	47	3063	71	
426	22	8574	68	
427	100	7276	52	
428	15	3455	31	
429	42	1790	22	
430	20	9041	6	
431	97	660	83	
432	77	7425	36	
433	61	8271	35	
434	87	1369	71	
435	61	4709	35	
436	17	4160	38	
437	13	1983	44	
438	82	95	82	
439	38	4694	8	
440	56	2756	80	
441	88	7061	23	
442	27	1514	78	
443	9	8558	80	
444	29	3791	68	
445	93	2312	83	
446	84	7033	83	
447	54	279	60	
448	95	6828	76	
449	53	5964	70	
450	28	3435	63	
451	63	104	69	
452	7	1494	37	
453	83	8214	57	
454	19	9499	34	
455	33	8649	41	
456	20	7514	0	
457	86	1159	60	
458	38	1177	39	
459	44	6510	53	
460	67	3473	32	
461	26	5253	27	
462	34	6256	19	
463	75	6880	77	
464	36	5000	77	
465	6	6207	72	
466	66	1079	34	
467	35	892	62	
468	74	1361	43	
469	36	1032	76	
470	49	3466	10	
471	48	2122	58	
472	69	8483	87	
473	89	2196	78	
474	58	6439	45	
475	59	2352	36	
476	65	3661	42	
477	71	6266	71	
478	5	721	75	
479	31	6848	75	
480	8	9065	60	
481	47	6519	51	
482	79	9140	74	
483	17	6656	80	
484	56	8675	40	
485	33	3078	20	
486	9	1423	71	
487	86	2199	27	
488	64	8951	81	
489	90	1773	79	
490	83	2194	21	
491	91	388	27	
492	78	3358	47	
493	88	4879	19	
494	70	66	64	
495	13	5391	60	
496	16	6113	57	
497	79	5585	71	
498	42	904	60	
499	74	1312	25	
500	5	1922	33	
501	3	5293	81	
502	41	7759	46	
503	21	8519	72	
504	84	7876	76	
505	62	3008	89	
506	48	8112	43	
507	47	8155	36	
508	13	8352	40	
509	78	454	69	
510	4	7972	38	
511	97	5593	41	
512	50	3352	45	
513	29	1762	69	
514	35	215	49	
515	64	6032	84	
516	18	8894	40	
517	65	8805	36	
518	92	14	22	
519	7	2557	35	
520	84	204	41	
521	42	3449	57	
522	100	2268	85	
523	89	6622	47	
524	24	1916	7	
525	52	7098	80	
526	24	3543	89	
527	68	5734	75	
528	85	4844	85	
529	42	9910	17	
530	22	4329	86	
531	31	1339	23	
532	97	6770	49	
533	94	2979	43	
534	12	2449	23	
535	66	443	75	
536	24	6805	0	
537	50	8395	73	
538	14	3077	81	
539	30	1692	65	
540	19	6737	52	
541	96	8508	40	
542	66	4083	30	
543	96	7156	36	
544	64	5723	64	
545	24	3033	45	
546	87	8825	5	
547	14	589	55	
548	40	4246	8	
549	46	8957	80	
550	75	1906	3	
551	17	2848	41	
552	19	473	57	
553	52	5396	27	
554	9	9032	67	
555	29	7514	65	
556	54	5438	74	
557	38	4719	54	
558	39	7090	1	
559	61	3304	46	
560	5	2251	23	
561	66	6573	27	
562	78	9405	85	
563	26	3845	88	
564	26	2118	34	
565	10	9521	37	
566	11	5515	67	
567	26	6453	78	
568	37	744	3	
569	2	5735	75	
570	99	4575	15	
571	23	4276	26	
572	56	4946	75	
573	68	1387	68	
574	6	3853	46	
575	41	5608	29	
576	48	1123	40	
577	17	1923	77	
578	38	5019	5	
579	52	635	55	
580	89	1876	26	
581	29	6815	60	
582	6	7093	0	
583	57	6854	18	
584	31	8653	81	
585	38	2153	42	
586	7	1284	13	
587	98	4466	38	
588	51	6288	63	
589	62	487	71	
590	56	5947	29	
591	65	6880	1	
592	84	1660	62	
593	11	2176	52	
594	83	2226	19	
595	79	9122	89	
596	17	8349	11	
597	58	1275	50	
598	41	6220	31	
599	82	5026	23	
600	24	1747	57	
601	18	4265	48	
602	16	5126	74	
603	48	3107	54	
604	67	5604	65	
605	97	8175	55	
606	45	6322	1	
607	18	4694	88	
608	39	9750	51	
609	38	1065	17	
610	23	1201	69	
611	64	1960	79	
612	91	7065	51	
613	23	6942	83	
614	8	4848	2	
615	98	4535	29	
616	44	426	65	
617	48	9538	50	
618	69	9049	12	
619	99	8465	30	
620	82	4514	74	
621	25	6011	50	
622	100	6404	82	
623	75	2580	0	
624	58	1827	81	
625	6	9134	52	
626	21	7178	58	
627	13	856	12	
628	58	4432	18	
629	68	4414	11	
630	35	1204	7	
631	12	7789	32	
632	22	5513	10	
633	66	5677	65	
634	79	5040	44	
635	53	8142	7	
636	4	1532	24	
637	64	6818	68	
638	62	9087	70	
639	4	4019	10	
640	70	3905	4	
641	90	3153	14	
642	7	5496	0	
643	91	2373	70	
644	90	3618	34	
645	10	7136	3	
646	67	5963	77	
647	64	7895	9	
648	49	3672	25	
649	67	1119	87	
650	75	9746	31	
651	6	1651	82	
652	50	9395	45	
653	57	2039	43	
654	91	6790	26	
655	46	830	9	
656	26	9810	81	
657	10	9232	13	
658	50	3181	37	
659	1	6578	73	
660	93	5768	31	
661	46	6945	57	
662	3	903	28	
663	14	9705	12	
664	64	1234	48	
665	3	9824	40	
666	41	631	36	
667	50	8640	73	
668	67	8570	47	
669	33	7940	21	
670	8	199	4	
671	71	8592	41	
672	50	5790	15	
673	19	9147	26	
674	91	6280	47	
675	67	6536	8	
676	17	1555	29	
677	75	1250	8	
678	48	9232	79	
679	39	4847	78	
680	12	9411	76	
681	34	9271	52	
682	87	6195	31	
683	63	734	9	
684	52	1315	64	
685	75	52	32	
686	38	5312	9	
687	54	9000	87	
688	57	613	59	
689	8	5549	52	
690	28	4529	81	
691	99	8684	80	
692	84	202	70	
693	16	9371	66	
694	66	6366	48	
695	82	368	33	
696	57	7468	73	
697	57	8866	61	
698	12	339	81	
699	50	9612	30	
700	10	3016	23	
701	81	310	60	
702	2	1985	5	
703	84	7664	15	
704	62	1074	22	
705	49	8004	37	
706	77	1612	56	
707	1	282	86	
708	61	7277	40	
709	16	6382	3	
710	80	8724	51	
711	43	8765	74	
712	46	3429	35	
713	40	5878	6	
714	6	888	26	
715	2	1990	71	
716	81	5435	28	
717	19	7335	76	
718	86	9615	17	
719	34	7731	55	
720	81	2528	57	
721	63	4388	87	
722	87	5001	68	
723	28	7995	78	
724	17	5872	3	
725	31	4501	70	
726	24	9202	3	
727	71	3231	68	
728	47	8473	20	
729	41	8597	88	
730	85	2125	59	
731	21	9274	76	
732	97	6917	23	
733	23	4267	13	
734	95	1329	69	
735	84	1742	1	
736	49	2201	78	
737	81	8475	73	
738	11	622	14	
739	61	5875	79	
740	75	2409	50	
741	35	5783	16	
742	45	7128	80	
743	77	4250	48	
744	31	8944	22	
745	57	5224	82	
746	48	6621	44	
747	8	1783	63	
748	95	3090	49	
749	34	4678	60	
750	18	7481	63	
751	54	217	12	
752	87	2015	83	
753	67	5583	68	
754	28	235	59	
755	90	8155	40	
756	53	6933	70	
757	18	5339	12	
758	10	8193	25	
759	49	7155	20	
760	49	6985	34	
761	80	4942	61	
762	1	5393	19	
763	47	8823	35	
764	87	6959	11	
765	94	5892	85	
766	43	407	50	
767	2	8938	12	
768	23	2754	26	
769	76	3243	57	
770	31	2974	60	
771	68	1646	28	
772	96	3185	72	
773	36	6062	9	
774	98	6079	51	
775	20	872	42	
776	78	9504	54	
777	24	9236	64	
778	61	6903	31	
779	33	913	11	
780	28	7295	63	
781	25	1551	78	
782	59	6401	67	
783	79	7111	34	
784	29	7302	11	
785	28	9012	1	
786	3	1100	52	
787	58	1298	85	
788	9	4979	43	
789	22	2611	44	
790	6	5777	63	
791	82	1795	69	
792	85	3471	41	
793	52	6900	27	
794	72	2100	21	
795	86	652	21	
796	94	1563	18	
797	7	1511	46	
798	27	6414	35	
799	85	3371	37	
800	96	9676	18	
801	56	418	83	
802	32	5584	62	
803	58	9367	47	
804	97	2230	51	
805	27	1245	13	
806	77	8148	77	
807	24	4733	31	
808	58	1604	15	
809	40	685	64	
810	10	3695	86	
811	86	9369	57	
812	73	341	20	
813	57	3462	43	
814	20	5413	4	
815	69	1876	19	
816	91	5237	8	
817	72	1174	53	
818	99	7004	32	
819	67	6645	40	
820	62	5870	2	
821	18	1616	56	
822	65	1692	88	
823	82	4683	57	
824	43	2369	68	
825	29	8759	34	
826	31	6673	64	
827	67	1198	16	
828	24	407	77	
829	90	8361	44	
830	37	5276	17	
831	59	854	13	
832	12	9201	28	
833	44	1642	74	
834	20	6101	86	
835	10	5888	53	
836	70	9805	30	
837	68	1513	87	
838	90	5992	82	
839	26	1594	14	
840	78	5445	65	
841	95	642	52	
842	22	5389	36	
843	17	622	1	
844	10	1745	43	
845	17	4919	50	
846	56	2995	29	
847	86	9113	48	
848	85	5327	13	
849	56	4044	56	
850	78	8265	32	
851	75	2487	14	
852	14	5898	51	
853	31	3131	26	
854	55	9402	36	
855	35	71	71	
856	40	2303	21	
857	11	1224	52	
858	94	3498	79	
859	28	4717	85	
860	16	3744	72	
861	51	8016	31	
862	61	9338	22	
863	34	8172	26	
864	38	3032	70	
865	63	270	22	
866	19	1101	68	
867	79	5027	21	
868	31	9611	43	
869	88	9766	45	
870	45	6689	31	
871	43	9920	74	
872	36	1312	43	
873	45	4492	3	
874	67	2288	11	
875	26	6160	53	
876	25	9024	41	
877	22	7029	85	
878	19	7827	26	
879	15	7664	43	
880	59	1107	44	
881	44	4659	12	
882	28	1756	27	
883	88	6078	68	
884	6	7725	56	
885	34	8735	8	
886	67	9986	60	
887	20	5198	19	
888	100	6874	30	
889	89	8943	83	
890	45	9776	34	
891	77	6379	55	
892	48	7874	88	
893	18	7609	63	
894	5	65	45	
895	60	1369	29	
896	67	3454	63	
897	57	7026	28	
898	58	2322	31	
899	47	9796	41	
900	89	31	71	
901	90	8842	59	
902	20	7420	79	
903	10	7483	57	
904	48	8953	39	
905	57	3301	55	
906	8	1606	30	
907	40	819	33	
908	45	1293	56	
909	19	3174	50	
910	99	3929	40	
911	25	3389	41	
912	93	6824	75	
913	10	1371	55	
914	22	403	20	
915	55	7109	50	
916	46	9676	48	
917	84	7875	73	
918	48	6270	20	
919	76	3592	66	
920	94	285	85	
921	39	3099	59	
922	36	8865	83	
923	84	3837	52	
924	10	9270	33	
925	93	3018	4	
926	14	8997	69	
927	99	9792	47	
928	26	2960	49	
929	21	5213	82	
930	55	5979	21	
931	100	9495	62	
932	18	526	64	
933	55	1361	87	
934	90	775	65	
935	47	7593	76	
936	4	4957	56	
937	54	8799	17	
938	66	7617	16	
939	17	6564	28	
940	30	948	37	
941	86	6507	13	
942	9	27	77	
943	44	8207	10	
944	68	5438	47	
945	94	8424	62	
946	41	9634	6	
947	32	8816	87	
948	4	903	48	
949	7	67	3	
950	44	6461	37	
951	98	6836	81	
952	77	686	29	
953	100	4068	37	
954	12	6737	0	
955	50	3001	12	
956	50	7290	13	
957	58	1112	55	
958	36	7470	73	
959	85	9249	61	
960	86	3648	31	
961	54	1266	15	
962	89	351	67	
963	18	3814	22	
964	57	9975	58	
965	76	3580	24	
966	12	240	35	
967	87	1522	33	
968	74	4500	26	
969	59	3506	80	
970	73	3173	16	
971	74	2993	19	
972	42	4178	88	
973	23	558	39	
974	86	5718	8	
975	5	7854	15	
976	80	3958	15	
977	83	192	44	
978	38	6467	70	
979	21	628	67	
980	97	2991	9	
981	100	6023	77	
982	11	9733	57	
983	4	6437	69	
984	50	9361	70	
985	77	5630	88	
986	63	5784	29	
987	92	8673	63	
988	92	6405	16	
989	43	5945	25	
990	10	1746	65	
991	76	8060	72	
992	18	7892	5	
993	51	1630	80	
994	40	1454	2	
995	13	2077	63	
996	55	1559	61	
997	37	3751	61	
998	78	9288	81	
999	77	8429	41	
1000	42	2831	78	
1001	27	7424	55	
1002	84	5558	58	
1003	31	2607	28	
1004	30	1268	5	
1005	99	6097	44	
1006	68	940	33	
1007	72	1123	60	
1008	-8	1024	77	
1009	47	-1	11	
1010	28	4716	41	
1011	96	9226	25	
1012	66	9924	62	
1013	100	8247	50	
1014	91	1015	8	
1015	42	8996	72	
1016	14	7287	80	
1017	54	3795	32	
1018	76	7802	37	
1019	42	4954	38	
1020	64	276	30	
1021	93	7208	30	
1022	79	343	84	
1023	90	7161	24	
1024	81	361	51	
1025	66	361	87	
1026	44	6623	10	
1027	90	7217	81	
1028	20	8071	75	
1029	10	2275	56	
1030	2	503	62	
1031	17	8128	5	
1032	27	8810	1	
1033	17	6233	4	
1034	19	7295	20	
1035	20	28	72	
1036	2	6243	82	
1037	70	9780	84	
1038	27	1982	9	
1039	39	8598	44	
1040	99	1332	72	
1041	21	6631	84	
1042	51	7058	9	
1043	83	6387	77	
1044	91	3743	26	
1045	36	8330	61	
1046	84	7682	42	
1047	25	8378	70	
1048	53	6475	74	
1049	40	6854	12	
1050	7	4768	52	
1051	51	9584	76	
1052	71	6727	49	
1053	1	4114	54	
1054	4	7639	26	
